data=[[2,3,4,5,6,6,12,15,16,16,22,23,24,24,28,30,30,30,34,35,36,41,43,45,49,1,3,4,7,7,7,9,12,13,16,20,21,23,24,25,27,30,32,41,41,42,43,45,46,47,1,7,10,13,13,14,15,18,19,26,26,28,29,30,32,38,39,41,41,42,43,44,45,46,46,0,11,43,24,9,2,5,5,0,2,49,33,43,26,48,41,46,24,48,37,45,11,26,23,23],
[2,3,4,5,6,6,12,15,16,16,22,23,24,24,28,30,30,30,34,35,36,41,43,45,49,1,3,4,7,7,7,9,12,13,16,20,21,23,24,25,27,30,32,41,41,42,43,45,46,47,1,7,10,13,13,14,15,18,19,26,26,28,29,30,32,38,39,41,41,42,43,44,45,46,46,0,11,43,24,9,2,5,5,0,2,49,33,43,26,48,41,46,24,48,37,45,11,26,23,23],
[2,3,4,5,6,6,12,15,16,16,22,23,24,24,28,30,30,30,34,35,36,41,43,45,49,1,3,4,7,7,7,9,12,13,16,20,21,23,24,25,27,30,32,41,41,42,43,45,46,47,1,7,10,13,13,14,15,18,19,26,26,28,29,30,32,38,39,41,41,42,43,44,45,46,46,0,11,43,24,9,2,5,5,0,2,49,33,43,26,48,41,46,24,48,37,45,11,26,23,23],
[2,3,4,5,6,6,12,15,16,16,22,23,24,24,28,30,30,30,34,35,36,41,43,45,49,1,3,4,7,7,7,9,12,13,16,20,21,23,24,25,27,30,32,41,41,42,43,45,46,47,1,7,10,13,13,14,15,18,19,26,26,28,29,30,32,38,39,41,41,42,43,44,45,46,46,0,11,43,24,9,2,5,5,0,2,49,33,43,26,48,41,46,24,48,37,45,11,26,23,23],
[2,3,4,5,6,6,12,15,16,16,22,23,24,24,28,30,30,30,34,35,36,41,43,45,49,1,3,4,7,7,7,9,12,13,16,20,21,23,24,25,27,30,32,41,41,42,43,45,46,47,1,7,10,13,13,14,15,18,19,26,26,28,29,30,32,38,39,41,41,42,43,44,45,46,46,0,11,43,24,9,2,5,5,0,2,49,33,43,26,48,41,46,24,48,37,45,11,26,23,23],
[2,3,4,5,6,6,12,15,16,16,22,23,24,24,28,30,30,30,34,35,36,41,43,45,49,1,3,4,7,7,7,9,12,13,16,20,21,23,24,25,27,30,32,41,41,42,43,45,46,47,1,7,10,13,13,14,15,18,19,26,26,28,29,30,32,38,39,41,41,42,43,44,45,46,46,0,11,43,24,9,2,5,5,0,2,49,33,43,26,48,41,46,24,48,37,45,11,26,23,23],
[2,3,4,5,6,6,12,15,16,16,22,23,24,24,28,30,30,30,34,35,36,41,43,45,49,1,3,4,7,7,7,9,12,13,16,20,21,23,24,25,27,30,32,41,41,42,43,45,46,47,1,7,10,13,13,14,15,18,19,26,26,28,29,30,32,38,39,41,41,42,43,44,45,46,46,0,11,43,24,9,2,5,5,0,2,49,33,43,26,48,41,46,24,48,37,45,11,26,23,23],
[2,3,4,5,6,6,12,15,16,16,22,23,24,24,28,30,30,30,34,35,36,41,43,45,49,1,3,4,7,7,7,9,12,13,16,20,21,23,24,25,27,30,32,41,41,42,43,45,46,47,1,7,10,13,13,14,15,18,19,26,26,28,29,30,32,38,39,41,41,42,43,44,45,46,46,0,11,43,24,9,2,5,5,0,2,49,33,43,26,48,41,46,24,48,37,45,11,26,23,23],
[2,3,4,5,6,6,12,15,16,16,22,23,24,24,28,30,30,30,34,35,36,41,43,45,49,1,3,4,7,7,7,9,12,13,16,20,21,23,24,25,27,30,32,41,41,42,43,45,46,47,1,7,10,13,13,14,15,18,19,26,26,28,29,30,32,38,39,41,41,42,43,44,45,46,46,0,11,43,24,9,2,5,5,0,2,49,33,43,26,48,41,46,24,48,37,45,11,26,23,23],
[2,3,4,5,6,6,12,15,16,16,22,23,24,24,28,30,30,30,34,35,36,41,43,45,49,1,3,4,7,7,7,9,12,13,16,20,21,23,24,25,27,30,32,41,41,42,43,45,46,47,1,7,10,13,13,14,15,18,19,26,26,28,29,30,32,38,39,41,41,42,43,44,45,46,46,0,11,43,24,9,2,5,5,0,2,49,33,43,26,48,41,46,24,48,37,45,11,26,23,23],
[2,3,4,5,6,6,12,15,16,16,22,23,24,24,28,30,30,30,34,35,36,41,43,45,49,1,3,4,7,7,7,9,12,13,16,20,21,23,24,25,27,30,32,41,41,42,43,45,46,47,1,7,10,13,13,14,15,18,19,26,26,28,29,30,32,38,39,41,41,42,43,44,45,46,46,0,11,43,24,9,2,5,5,0,2,49,33,43,26,48,41,46,24,48,37,45,11,26,23,23],
[2,3,4,5,6,6,12,15,16,16,22,23,24,24,28,30,30,30,34,35,36,41,43,45,49,1,3,4,7,7,7,9,12,13,16,20,21,23,24,25,27,30,32,41,41,42,43,45,46,47,1,7,10,13,13,14,15,18,19,26,26,28,29,30,32,38,39,41,41,42,43,44,45,46,46,0,11,43,24,9,2,5,5,0,2,49,33,43,26,48,41,46,24,48,37,45,11,26,23,23],
[2,3,4,5,6,6,12,15,16,16,22,23,24,24,28,30,30,30,34,35,36,41,43,45,49,1,3,4,7,7,7,9,12,13,16,20,21,23,24,25,27,30,32,41,41,42,43,45,46,47,1,7,10,13,13,14,15,18,19,26,26,28,29,30,32,38,39,41,41,42,43,44,45,46,46,0,2,43,24,9,2,5,5,0,2,49,33,43,26,48,41,46,24,48,37,45,11,26,23,23],
[2,3,4,5,6,6,12,15,16,16,22,23,24,24,28,30,30,30,34,35,36,41,43,45,49,1,3,4,7,7,7,9,12,13,16,20,21,23,24,25,27,30,32,41,41,42,43,45,46,47,1,7,10,13,13,14,15,18,19,26,26,28,29,30,32,38,39,41,41,42,43,44,45,46,46,0,2,0,5,9,2,5,5,24,43,49,33,43,26,48,41,46,24,48,37,45,11,26,23,23],
[2,3,4,5,6,6,12,15,16,16,22,23,24,24,28,30,30,30,34,35,36,41,43,45,49,1,3,4,7,7,7,9,12,13,16,20,21,23,24,25,27,30,32,41,41,42,43,45,46,47,1,7,10,13,13,14,15,18,19,26,26,28,29,30,32,38,39,41,41,42,43,44,45,46,46,0,2,0,5,9,2,5,5,24,43,49,33,43,26,48,41,46,24,48,37,45,11,26,23,23],
[2,3,4,5,6,6,12,15,16,16,22,23,24,24,28,30,30,30,34,35,36,41,43,45,49,1,3,4,7,7,7,9,12,13,16,20,21,23,24,25,27,30,32,41,41,42,43,45,46,47,1,7,10,13,13,14,15,18,19,26,26,28,29,30,32,38,39,41,41,42,43,44,45,46,46,0,2,0,5,9,2,5,11,24,43,49,33,43,26,48,41,46,24,48,37,45,11,26,23,23],
[2,3,4,5,6,6,12,15,16,16,22,23,24,24,28,30,30,30,34,35,36,41,43,45,49,1,3,4,7,7,7,9,12,13,16,20,21,23,24,25,27,30,32,41,41,42,43,45,46,47,1,7,10,13,13,14,15,18,19,26,26,28,29,30,32,38,39,41,41,42,43,44,45,46,46,0,2,0,5,9,2,5,11,24,43,49,33,43,26,48,41,46,24,48,37,45,11,26,23,23],
[2,3,4,5,6,6,12,15,16,16,22,23,24,24,28,30,30,30,34,35,36,41,43,45,49,1,3,4,7,7,7,9,12,13,16,20,21,23,24,25,27,30,32,41,41,42,43,45,46,47,1,7,10,13,13,14,15,18,19,26,26,28,29,30,32,38,39,41,41,42,43,44,45,46,46,0,0,2,5,9,2,5,11,24,43,49,33,43,26,48,41,46,24,48,37,45,11,26,23,23],
[2,3,4,5,6,6,12,15,16,16,22,23,24,24,28,30,30,30,34,35,36,41,43,45,49,1,3,4,7,7,7,9,12,13,16,20,21,23,24,25,27,30,32,41,41,42,43,45,46,47,1,7,10,13,13,14,15,18,19,26,26,28,29,30,32,38,39,41,41,42,43,44,45,46,46,0,0,2,5,9,2,5,11,24,43,49,33,43,26,48,41,46,24,48,37,45,11,26,23,23],
[2,3,4,5,6,6,12,15,16,16,22,23,24,24,28,30,30,30,34,35,36,41,43,45,49,1,3,4,7,7,7,9,12,13,16,20,21,23,24,25,27,30,32,41,41,42,43,45,46,47,1,7,10,13,13,14,15,18,19,26,26,28,29,30,32,38,39,41,41,42,43,44,45,46,46,0,0,2,2,5,9,5,11,24,43,49,33,43,26,48,41,46,24,48,37,45,11,26,23,23],
[2,3,4,5,6,6,12,15,16,16,22,23,24,24,28,30,30,30,34,35,36,41,43,45,49,1,3,4,7,7,7,9,12,13,16,20,21,23,24,25,27,30,32,41,41,42,43,45,46,47,1,7,10,13,13,14,15,18,19,26,26,28,29,30,32,38,39,41,41,42,43,44,45,46,46,0,0,2,2,5,9,5,11,24,43,49,33,43,26,48,41,46,24,48,37,45,11,26,23,23],
[2,3,4,5,6,6,12,15,16,16,22,23,24,24,28,30,30,30,34,35,36,41,43,45,49,1,3,4,7,7,7,9,12,13,16,20,21,23,24,25,27,30,32,41,41,42,43,45,46,47,1,7,10,13,13,14,15,18,19,26,26,28,29,30,32,38,39,41,41,42,43,44,45,46,46,0,0,2,2,5,5,9,11,24,43,49,33,43,26,48,41,46,24,48,37,45,11,26,23,23],
[2,3,4,5,6,6,12,15,16,16,22,23,24,24,28,30,30,30,34,35,36,41,43,45,49,1,3,4,7,7,7,9,12,13,16,20,21,23,24,25,27,30,32,41,41,42,43,45,46,47,1,7,10,13,13,14,15,18,19,26,26,28,29,30,32,38,39,41,41,42,43,44,45,46,46,0,0,2,2,5,5,9,11,24,43,49,33,43,26,48,41,46,24,48,37,45,11,26,23,23],
[2,3,4,5,6,6,12,15,16,16,22,23,24,24,28,30,30,30,34,35,36,41,43,45,49,1,3,4,7,7,7,9,12,13,16,20,21,23,24,25,27,30,32,41,41,42,43,45,46,47,1,7,10,13,13,14,15,18,19,26,26,28,29,30,32,38,39,41,41,42,43,44,45,46,46,0,0,2,2,5,5,9,11,23,43,49,33,43,26,48,41,46,24,48,37,45,11,26,23,43],
[2,3,4,5,6,6,12,15,16,16,22,23,24,24,28,30,30,30,34,35,36,41,43,45,49,1,3,4,7,7,7,9,12,13,16,20,21,23,24,25,27,30,32,41,41,42,43,45,46,47,1,7,10,13,13,14,15,18,19,26,26,28,29,30,32,38,39,41,41,42,43,44,45,46,46,0,0,2,2,5,5,9,11,23,23,11,33,43,26,48,41,46,24,48,37,45,11,26,49,43],
[2,3,4,5,6,6,12,15,16,16,22,23,24,24,28,30,30,30,34,35,36,41,43,45,49,1,3,4,7,7,7,9,12,13,16,20,21,23,24,25,27,30,32,41,41,42,43,45,46,47,1,7,10,13,13,14,15,18,19,26,26,28,29,30,32,38,39,41,41,42,43,44,45,46,46,0,0,2,2,5,5,9,11,23,23,11,33,43,26,48,41,46,24,48,37,45,33,26,49,43],
[2,3,4,5,6,6,12,15,16,16,22,23,24,24,28,30,30,30,34,35,36,41,43,45,49,1,3,4,7,7,7,9,12,13,16,20,21,23,24,25,27,30,32,41,41,42,43,45,46,47,1,7,10,13,13,14,15,18,19,26,26,28,29,30,32,38,39,41,41,42,43,44,45,46,46,0,0,2,2,5,5,9,11,23,23,11,33,43,26,48,41,46,24,48,37,45,33,26,49,43],
[2,3,4,5,6,6,12,15,16,16,22,23,24,24,28,30,30,30,34,35,36,41,43,45,49,1,3,4,7,7,7,9,12,13,16,20,21,23,24,25,27,30,32,41,41,42,43,45,46,47,1,7,10,13,13,14,15,18,19,26,26,28,29,30,32,38,39,41,41,42,43,44,45,46,46,0,0,2,2,5,5,9,11,23,23,11,33,43,26,48,41,46,24,48,37,45,33,26,49,43],
[2,3,4,5,6,6,12,15,16,16,22,23,24,24,28,30,30,30,34,35,36,41,43,45,49,1,3,4,7,7,7,9,12,13,16,20,21,23,24,25,27,30,32,41,41,42,43,45,46,47,1,7,10,13,13,14,15,18,19,26,26,28,29,30,32,38,39,41,41,42,43,44,45,46,46,0,0,2,2,5,5,9,11,23,23,11,24,43,26,48,41,46,24,48,37,45,33,26,49,43],
[2,3,4,5,6,6,12,15,16,16,22,23,24,24,28,30,30,30,34,35,36,41,43,45,49,1,3,4,7,7,7,9,12,13,16,20,21,23,24,25,27,30,32,41,41,42,43,45,46,47,1,7,10,13,13,14,15,18,19,26,26,28,29,30,32,38,39,41,41,42,43,44,45,46,46,0,0,2,2,5,5,9,11,11,23,23,24,43,26,48,41,46,24,48,37,45,33,26,49,43],
[2,3,4,5,6,6,12,15,16,16,22,23,24,24,28,30,30,30,34,35,36,41,43,45,49,1,3,4,7,7,7,9,12,13,16,20,21,23,24,25,27,30,32,41,41,42,43,45,46,47,1,7,10,13,13,14,15,18,19,26,26,28,29,30,32,38,39,41,41,42,43,44,45,46,46,0,0,2,2,5,5,9,11,11,23,23,24,43,26,48,41,46,24,48,37,45,33,26,49,43],
[2,3,4,5,6,6,12,15,16,16,22,23,24,24,28,30,30,30,34,35,36,41,43,45,49,1,3,4,7,7,7,9,12,13,16,20,21,23,24,25,27,30,32,41,41,42,43,45,46,47,1,7,10,13,13,14,15,18,19,26,26,28,29,30,32,38,39,41,41,42,43,44,45,46,46,0,0,2,2,5,5,9,11,11,23,23,24,43,26,48,41,46,24,48,37,45,33,26,49,43],
[2,3,4,5,6,6,12,15,16,16,22,23,24,24,28,30,30,30,34,35,36,41,43,45,49,1,3,4,7,7,7,9,12,13,16,20,21,23,24,25,27,30,32,41,41,42,43,45,46,47,1,7,10,13,13,14,15,18,19,26,26,28,29,30,32,38,39,41,41,42,43,44,45,46,46,0,0,2,2,5,5,9,11,11,23,23,24,26,26,48,41,46,24,48,37,45,33,26,49,43],
[2,3,4,5,6,6,12,15,16,16,22,23,24,24,28,30,30,30,34,35,36,41,43,45,49,1,3,4,7,7,7,9,12,13,16,20,21,23,24,25,27,30,32,41,41,42,43,45,46,47,1,7,10,13,13,14,15,18,19,26,26,28,29,30,32,38,39,41,41,42,43,44,45,46,46,0,0,2,2,5,5,9,11,11,23,23,24,26,26,33,41,46,24,48,37,45,33,48,49,43],
[2,3,4,5,6,6,12,15,16,16,22,23,24,24,28,30,30,30,34,35,36,41,43,45,49,1,3,4,7,7,7,9,12,13,16,20,21,23,24,25,27,30,32,41,41,42,43,45,46,47,1,7,10,13,13,14,15,18,19,26,26,28,29,30,32,38,39,41,41,42,43,44,45,46,46,0,0,2,2,5,5,9,11,11,23,23,24,26,26,33,41,46,24,48,37,45,46,48,49,43],
[2,3,4,5,6,6,12,15,16,16,22,23,24,24,28,30,30,30,34,35,36,41,43,45,49,1,3,4,7,7,7,9,12,13,16,20,21,23,24,25,27,30,32,41,41,42,43,45,46,47,1,7,10,13,13,14,15,18,19,26,26,28,29,30,32,38,39,41,41,42,43,44,45,46,46,0,0,2,2,5,5,9,11,11,23,23,24,26,26,33,41,37,24,43,48,45,46,48,49,43],
[2,3,4,5,6,6,12,15,16,16,22,23,24,24,28,30,30,30,34,35,36,41,43,45,49,1,3,4,7,7,7,9,12,13,16,20,21,23,24,25,27,30,32,41,41,42,43,45,46,47,1,7,10,13,13,14,15,18,19,26,26,28,29,30,32,38,39,41,41,42,43,44,45,46,46,0,0,2,2,5,5,9,11,11,23,23,24,24,26,33,41,37,24,43,48,45,46,48,49,43],
[2,3,4,5,6,6,12,15,16,16,22,23,24,24,28,30,30,30,34,35,36,41,43,45,49,1,3,4,7,7,7,9,12,13,16,20,21,23,24,25,27,30,32,41,41,42,43,45,46,47,1,7,10,13,13,14,15,18,19,26,26,28,29,30,32,38,39,41,41,42,43,44,45,46,46,0,0,2,2,5,5,9,11,11,23,23,24,24,26,33,41,37,33,43,48,45,46,48,49,43],
[2,3,4,5,6,6,12,15,16,16,22,23,24,24,28,30,30,30,34,35,36,41,43,45,49,1,3,4,7,7,7,9,12,13,16,20,21,23,24,25,27,30,32,41,41,42,43,45,46,47,1,7,10,13,13,14,15,18,19,26,26,28,29,30,32,38,39,41,41,42,43,44,45,46,46,0,0,2,2,5,5,9,11,11,23,23,24,24,26,26,41,37,33,43,48,45,46,48,49,43],
[2,3,4,5,6,6,12,15,16,16,22,23,24,24,28,30,30,30,34,35,36,41,43,45,49,1,3,4,7,7,7,9,12,13,16,20,21,23,24,25,27,30,32,41,41,42,43,45,46,47,1,7,10,13,13,14,15,18,19,26,26,28,29,30,32,38,39,41,41,42,43,44,45,46,46,0,0,2,2,5,5,9,11,11,23,23,24,24,26,26,41,37,33,43,48,45,46,48,49,43],
[2,3,4,5,6,6,12,15,16,16,22,23,24,24,28,30,30,30,34,35,36,41,43,45,49,1,3,4,7,7,7,9,12,13,16,20,21,23,24,25,27,30,32,41,41,42,43,45,46,47,1,7,10,13,13,14,15,18,19,26,26,28,29,30,32,38,39,41,41,42,43,44,45,46,46,0,0,2,2,5,5,9,11,11,23,23,24,24,26,26,33,37,33,43,48,45,46,48,49,43],
[2,3,4,5,6,6,12,15,16,16,22,23,24,24,28,30,30,30,34,35,36,41,43,45,49,1,3,4,7,7,7,9,12,13,16,20,21,23,24,25,27,30,32,41,41,42,43,45,46,47,1,7,10,13,13,14,15,18,19,26,26,28,29,30,32,38,39,41,41,42,43,44,45,46,46,0,0,2,2,5,5,9,11,11,23,23,24,24,26,26,33,37,41,43,48,45,46,48,49,43],
[2,3,4,5,6,6,12,15,16,16,22,23,24,24,28,30,30,30,34,35,36,41,43,45,49,1,3,4,7,7,7,9,12,13,16,20,21,23,24,25,27,30,32,41,41,42,43,45,46,47,1,7,10,13,13,14,15,18,19,26,26,28,29,30,32,38,39,41,41,42,43,44,45,46,46,0,0,2,2,5,5,9,11,11,23,23,24,24,26,26,33,37,41,43,48,45,46,48,49,43],
[2,3,4,5,6,6,12,15,16,16,22,23,24,24,28,30,30,30,34,35,36,41,43,45,49,1,3,4,7,7,7,9,12,13,16,20,21,23,24,25,27,30,32,41,41,42,43,45,46,47,1,7,10,13,13,14,15,18,19,26,26,28,29,30,32,38,39,41,41,42,43,44,45,46,46,0,0,2,2,5,5,9,11,11,23,23,24,24,26,26,33,37,41,43,48,45,46,48,49,43],
[2,3,4,5,6,6,12,15,16,16,22,23,24,24,28,30,30,30,34,35,36,41,43,45,49,1,3,4,7,7,7,9,12,13,16,20,21,23,24,25,27,30,32,41,41,42,43,45,46,47,1,7,10,13,13,14,15,18,19,26,26,28,29,30,32,38,39,41,41,42,43,44,45,46,46,0,0,2,2,5,5,9,11,11,23,23,24,24,26,26,33,37,41,43,43,45,46,48,49,43],
[2,3,4,5,6,6,12,15,16,16,22,23,24,24,28,30,30,30,34,35,36,41,43,45,49,1,3,4,7,7,7,9,12,13,16,20,21,23,24,25,27,30,32,41,41,42,43,45,46,47,1,7,10,13,13,14,15,18,19,26,26,28,29,30,32,38,39,41,41,42,43,44,45,46,46,0,0,2,2,5,5,9,11,11,23,23,24,24,26,26,33,37,41,43,43,45,46,48,48,49],
[2,3,4,5,6,6,12,15,16,16,22,23,24,24,28,30,30,30,34,35,36,41,43,45,49,1,3,4,7,7,7,9,12,13,16,20,21,23,24,25,27,30,32,41,41,42,43,45,46,47,1,7,10,13,13,14,15,18,19,26,26,28,29,30,32,38,39,41,41,42,43,44,45,46,46,0,0,2,2,5,5,9,11,11,23,23,24,24,26,26,33,37,41,43,43,45,46,48,48,49],
[2,3,4,5,6,6,12,15,16,16,22,23,24,24,28,30,30,30,34,35,36,41,43,45,49,1,3,4,7,7,7,9,12,13,16,20,21,23,24,25,27,30,32,41,41,42,43,45,46,47,1,7,10,13,13,14,15,18,19,26,26,28,29,30,32,38,39,41,41,42,43,44,45,46,46,0,0,2,2,5,5,9,11,11,23,23,24,24,26,26,33,37,41,43,43,45,46,48,48,49],
[2,3,4,5,6,6,12,15,16,16,22,23,24,24,28,30,30,30,34,35,36,41,43,45,49,1,3,4,7,7,7,9,12,13,16,20,21,23,24,25,27,30,32,41,41,42,43,45,46,47,1,7,10,13,13,14,15,18,19,26,26,28,29,30,32,38,39,41,41,42,43,44,45,46,46,0,0,2,2,5,5,9,11,11,23,23,24,24,26,26,33,37,41,43,43,45,46,48,48,49],
[2,3,4,5,6,6,12,15,16,16,22,23,24,24,28,30,30,30,34,35,36,41,43,45,49,1,3,4,7,7,7,9,12,13,16,20,21,23,24,25,27,30,32,41,41,42,43,45,46,47,1,7,10,13,13,14,15,18,19,26,26,28,29,30,32,38,39,41,41,42,43,44,45,46,46,0,0,2,2,5,5,9,11,11,23,23,24,24,26,26,33,37,41,43,43,45,46,48,48,49],
[2,3,4,5,6,6,12,15,16,16,22,23,24,24,28,30,30,30,34,35,36,41,43,45,49,1,3,4,7,7,7,9,12,13,16,20,21,23,24,25,27,30,32,41,41,42,43,45,46,47,1,7,10,13,13,14,15,18,19,26,26,28,29,30,32,38,39,41,41,42,43,44,45,46,46,0,0,2,2,5,5,9,11,11,23,23,24,24,26,26,33,37,41,43,43,45,46,48,48,49],
[2,3,4,5,6,6,12,15,16,16,22,23,24,24,28,30,30,30,34,35,36,41,43,45,49,1,3,4,7,7,7,9,12,13,16,20,21,23,24,25,27,30,32,41,41,42,43,45,46,47,1,7,10,13,13,14,15,18,19,26,26,28,29,30,32,38,39,41,41,42,43,44,45,46,46,0,0,2,2,5,5,9,11,11,23,23,24,24,26,26,33,37,41,43,43,45,46,48,48,49],
[1,2,3,3,4,4,5,6,6,7,7,7,9,12,12,13,15,16,16,16,20,21,22,23,23,24,24,24,25,27,28,30,30,30,30,32,34,35,36,41,41,41,42,43,43,45,45,46,47,49,1,7,10,13,13,14,15,18,19,26,26,28,29,30,32,38,39,41,41,42,43,44,45,46,46,0,0,2,2,5,5,9,11,11,23,23,24,24,26,26,33,37,41,43,43,45,46,48,48,49],
[1,2,3,3,4,4,5,6,6,7,7,7,9,12,12,13,15,16,16,16,20,21,22,23,23,24,24,24,25,27,28,30,30,30,30,32,34,35,36,41,41,41,42,43,43,45,45,46,47,49,1,7,10,13,13,14,15,18,19,26,26,28,29,30,32,38,39,41,41,42,43,44,45,46,46,0,0,2,2,5,5,9,11,11,23,23,24,24,26,26,33,37,41,43,43,45,46,48,48,49],
[1,2,3,3,4,4,5,6,6,7,7,7,9,12,12,13,15,16,16,16,20,21,22,23,23,24,24,24,25,27,28,30,30,30,30,32,34,35,36,41,41,41,42,43,43,45,45,46,47,49,1,7,10,13,13,14,15,18,19,26,26,28,29,30,32,38,39,41,41,42,43,44,45,46,46,0,0,2,2,5,5,9,11,11,23,23,24,24,26,26,33,37,41,43,43,45,46,48,48,49],
[1,2,3,3,4,4,5,6,6,7,7,7,9,12,12,13,15,16,16,16,20,21,22,23,23,24,24,24,25,27,28,30,30,30,30,32,34,35,36,41,41,41,42,43,43,45,45,46,47,49,1,7,10,13,13,14,15,18,19,26,26,28,29,30,32,38,39,41,41,42,43,44,45,46,46,0,0,2,2,5,5,9,11,11,23,23,24,24,26,26,33,37,41,43,43,45,46,48,48,49],
[1,2,3,3,4,4,5,6,6,7,7,7,9,12,12,13,15,16,16,16,20,21,22,23,23,24,24,24,25,27,28,30,30,30,30,32,34,35,36,41,41,41,42,43,43,45,45,46,47,49,1,7,10,13,13,14,15,18,19,26,26,28,29,30,32,38,39,41,41,42,43,44,45,46,46,0,0,2,2,5,5,9,11,11,23,23,24,24,26,26,33,37,41,43,43,45,46,48,48,49],
[1,2,3,3,4,4,5,6,6,7,7,7,9,12,12,13,15,16,16,16,20,21,22,23,23,24,24,24,25,27,28,30,30,30,30,32,34,35,36,41,41,41,42,43,43,45,45,46,47,49,1,7,10,13,13,14,15,18,19,26,26,28,29,30,32,38,39,41,41,42,43,44,45,46,46,0,0,2,2,5,5,9,11,11,23,23,24,24,26,26,33,37,41,43,43,45,46,48,48,49],
[1,2,3,3,4,4,5,6,6,7,7,7,9,12,12,13,15,16,16,16,20,21,22,23,23,24,24,24,25,27,28,30,30,30,30,32,34,35,36,41,41,41,42,43,43,45,45,46,47,49,1,7,10,13,13,14,15,18,19,26,26,28,29,30,32,38,39,41,41,42,43,44,45,46,46,0,0,2,2,5,5,9,11,11,23,23,24,24,26,26,33,37,41,43,43,45,46,48,48,49],
[1,2,3,3,4,4,5,6,6,7,7,7,9,12,12,13,15,16,16,16,20,21,22,23,23,24,24,24,25,27,28,30,30,30,30,32,34,35,36,41,41,41,42,43,43,45,45,46,47,49,1,7,10,13,13,14,15,18,19,26,26,28,29,30,32,38,39,41,41,42,43,44,45,46,46,0,0,2,2,5,5,9,11,11,23,23,24,24,26,26,33,37,41,43,43,45,46,48,48,49],
[1,2,3,3,4,4,5,6,6,7,7,7,9,12,12,13,15,16,16,16,20,21,22,23,23,24,24,24,25,27,28,30,30,30,30,32,34,35,36,41,41,41,42,43,43,45,45,46,47,49,1,7,10,13,13,14,15,18,19,26,26,28,29,30,32,38,39,41,41,42,43,44,45,46,46,0,0,2,2,5,5,9,11,11,23,23,24,24,26,26,33,37,41,43,43,45,46,48,48,49],
[1,2,3,3,4,4,5,6,6,7,7,7,9,12,12,13,15,16,16,16,20,21,22,23,23,24,24,24,25,27,28,30,30,30,30,32,34,35,36,41,41,41,42,43,43,45,45,46,47,49,1,7,10,13,13,14,15,18,19,26,26,28,29,30,32,38,39,41,41,42,43,44,45,46,46,0,0,2,2,5,5,9,11,11,23,23,24,24,26,26,33,37,41,43,43,45,46,48,48,49],
[1,2,3,3,4,4,5,6,6,7,7,7,9,12,12,13,15,16,16,16,20,21,22,23,23,24,24,24,25,27,28,30,30,30,30,32,34,35,36,41,41,41,42,43,43,45,45,46,47,49,1,7,10,13,13,14,15,18,19,26,26,28,29,30,32,38,39,41,41,42,43,44,45,46,46,0,0,2,2,5,5,9,11,11,23,23,24,24,26,26,33,37,41,43,43,45,46,48,48,49],
[1,2,3,3,4,4,5,6,6,7,7,7,9,12,12,13,15,16,16,16,20,21,22,23,23,24,24,24,25,27,28,30,30,30,30,32,34,35,36,41,41,41,42,43,43,45,45,46,47,49,1,7,10,13,13,14,15,18,19,26,26,28,29,30,32,38,39,41,41,42,43,44,45,46,46,0,0,2,2,5,5,9,11,11,23,23,24,24,26,26,33,37,41,43,43,45,46,48,48,49],
[1,2,3,3,4,4,5,6,6,7,7,7,9,12,12,13,15,16,16,16,20,21,22,23,23,24,24,24,25,27,28,30,30,30,30,32,34,35,36,41,41,41,42,43,43,45,45,46,47,49,1,7,10,13,13,14,15,18,19,26,26,28,29,30,32,38,39,41,41,42,43,44,45,46,46,0,0,2,2,5,5,9,11,11,23,23,24,24,26,26,33,37,41,43,43,45,46,48,48,49],
[1,2,3,3,4,4,5,6,6,7,7,7,9,12,12,13,15,16,16,16,20,21,22,23,23,24,24,24,25,27,28,30,30,30,30,32,34,35,36,41,41,41,42,43,43,45,45,46,47,49,1,7,10,13,13,14,15,18,19,26,26,28,29,30,32,38,39,41,41,42,43,44,45,46,46,0,0,2,2,5,5,9,11,11,23,23,24,24,26,26,33,37,41,43,43,45,46,48,48,49],
[1,2,3,3,4,4,5,6,6,7,7,7,9,12,12,13,15,16,16,16,20,21,22,23,23,24,24,24,25,27,28,30,30,30,30,32,34,35,36,41,41,41,42,43,43,45,45,46,47,49,1,7,10,13,13,14,15,18,19,26,26,28,29,30,32,38,39,41,41,42,43,44,45,46,46,0,0,2,2,5,5,9,11,11,23,23,24,24,26,26,33,37,41,43,43,45,46,48,48,49],
[1,2,3,3,4,4,5,6,6,7,7,7,9,12,12,13,15,16,16,16,20,21,22,23,23,24,24,24,25,27,28,30,30,30,30,32,34,35,36,41,41,41,42,43,43,45,45,46,47,49,1,7,10,13,13,14,15,18,19,26,26,28,29,30,32,38,39,41,41,42,43,44,45,46,46,0,0,2,2,5,5,9,11,11,23,23,24,24,26,26,33,37,41,43,43,45,46,48,48,49],
[1,2,3,3,4,4,5,6,6,7,7,7,9,12,12,13,15,16,16,16,20,21,22,23,23,24,24,24,25,27,28,30,30,30,30,32,34,35,36,41,41,41,42,43,43,45,45,46,47,49,1,7,10,13,13,14,15,18,19,26,26,28,29,30,32,38,39,41,41,42,43,44,45,46,46,0,0,2,2,5,5,9,11,11,23,23,24,24,26,26,33,37,41,43,43,45,46,48,48,49],
[1,2,3,3,4,4,5,6,6,7,7,7,9,12,12,13,15,16,16,16,20,21,22,23,23,24,24,24,25,27,28,30,30,30,30,32,34,35,36,41,41,41,42,43,43,45,45,46,47,49,1,7,10,13,13,14,15,18,19,26,26,28,29,30,32,38,39,41,41,42,43,44,45,46,46,0,0,2,2,5,5,9,11,11,23,23,24,24,26,26,33,37,41,43,43,45,46,48,48,49],
[1,2,3,3,4,4,5,6,6,7,7,7,9,12,12,13,15,16,16,16,20,21,22,23,23,24,24,24,25,27,28,30,30,30,30,32,34,35,36,41,41,41,42,43,43,45,45,46,47,49,1,7,10,13,13,14,15,18,19,26,26,28,29,30,32,38,39,41,41,42,43,44,45,46,46,0,0,2,2,5,5,9,11,11,23,23,24,24,26,26,33,37,41,43,43,45,46,48,48,49],
[1,2,3,3,4,4,5,6,6,7,7,7,9,12,12,13,15,16,16,16,20,21,22,23,23,24,24,24,25,27,28,30,30,30,30,32,34,35,36,41,41,41,42,43,43,45,45,46,47,49,1,7,10,13,13,14,15,18,19,26,26,28,29,30,32,38,39,41,41,42,43,44,45,46,46,0,0,2,2,5,5,9,11,11,23,23,24,24,26,26,33,37,41,43,43,45,46,48,48,49],
[1,2,3,3,4,4,5,6,6,7,7,7,9,12,12,13,15,16,16,16,20,21,22,23,23,24,24,24,25,27,28,30,30,30,30,32,34,35,36,41,41,41,42,43,43,45,45,46,47,49,1,7,10,13,13,14,15,18,19,26,26,28,29,30,32,38,39,41,41,42,43,44,45,46,46,0,0,2,2,5,5,9,11,11,23,23,24,24,26,26,33,37,41,43,43,45,46,48,48,49],
[1,2,3,3,4,4,5,6,6,7,7,7,9,12,12,13,15,16,16,16,20,21,22,23,23,24,24,24,25,27,28,30,30,30,30,32,34,35,36,41,41,41,42,43,43,45,45,46,47,49,1,7,10,13,13,14,15,18,19,26,26,28,29,30,32,38,39,41,41,42,43,44,45,46,46,0,0,2,2,5,5,9,11,11,23,23,24,24,26,26,33,37,41,43,43,45,46,48,48,49],
[1,2,3,3,4,4,5,6,6,7,7,7,9,12,12,13,15,16,16,16,20,21,22,23,23,24,24,24,25,27,28,30,30,30,30,32,34,35,36,41,41,41,42,43,43,45,45,46,47,49,1,7,10,13,13,14,15,18,19,26,26,28,29,30,32,38,39,41,41,42,43,44,45,46,46,0,0,2,2,5,5,9,11,11,23,23,24,24,26,26,33,37,41,43,43,45,46,48,48,49],
[1,2,3,3,4,4,5,6,6,7,7,7,9,12,12,13,15,16,16,16,20,21,22,23,23,24,24,24,25,27,28,30,30,30,30,32,34,35,36,41,41,41,42,43,43,45,45,46,47,49,1,7,10,13,13,14,15,18,19,26,26,28,29,30,32,38,39,41,41,42,43,44,45,46,46,0,0,2,2,5,5,9,11,11,23,23,24,24,26,26,33,37,41,43,43,45,46,48,48,49],
[1,2,3,3,4,4,5,6,6,7,7,7,9,12,12,13,15,16,16,16,20,21,22,23,23,24,24,24,25,27,28,30,30,30,30,32,34,35,36,41,41,41,42,43,43,45,45,46,47,49,1,7,10,13,13,14,15,18,19,26,26,28,29,30,32,38,39,41,41,42,43,44,45,46,46,0,0,2,2,5,5,9,11,11,23,23,24,24,26,26,33,37,41,43,43,45,46,48,48,49],
[1,2,3,3,4,4,5,6,6,7,7,7,9,12,12,13,15,16,16,16,20,21,22,23,23,24,24,24,25,27,28,30,30,30,30,32,34,35,36,41,41,41,42,43,43,45,45,46,47,49,0,7,10,13,13,14,15,18,19,26,26,28,29,30,32,38,39,41,41,42,43,44,45,46,46,0,0,2,2,5,5,9,11,11,23,23,24,24,26,26,33,37,41,43,43,45,46,48,48,49],
[1,2,3,3,4,4,5,6,6,7,7,7,9,12,12,13,15,16,16,16,20,21,22,23,23,24,24,24,25,27,28,30,30,30,30,32,34,35,36,41,41,41,42,43,43,45,45,46,47,49,0,0,1,2,13,14,15,18,19,26,26,28,29,30,32,38,39,41,41,42,43,44,45,46,46,0,0,2,2,5,5,9,11,11,23,23,24,24,26,26,33,37,41,43,43,45,46,48,48,49],
[1,2,3,3,4,4,5,6,6,7,7,7,9,12,12,13,15,16,16,16,20,21,22,23,23,24,24,24,25,27,28,30,30,30,30,32,34,35,36,41,41,41,42,43,43,45,45,46,47,49,0,0,1,2,2,5,5,7,19,26,26,28,29,30,32,38,39,41,41,42,43,44,45,46,46,0,0,2,2,5,5,9,11,11,23,23,24,24,26,26,33,37,41,43,43,45,46,48,48,49],
[1,2,3,3,4,4,5,6,6,7,7,7,9,12,12,13,15,16,16,16,20,21,22,23,23,24,24,24,25,27,28,30,30,30,30,32,34,35,36,41,41,41,42,43,43,45,45,46,47,49,0,0,1,2,2,5,5,7,9,10,11,28,29,30,32,38,39,41,41,42,43,44,45,46,46,0,0,2,2,5,5,9,11,11,23,23,24,24,26,26,33,37,41,43,43,45,46,48,48,49],
[1,2,3,3,4,4,5,6,6,7,7,7,9,12,12,13,15,16,16,16,20,21,22,23,23,24,24,24,25,27,28,30,30,30,30,32,34,35,36,41,41,41,42,43,43,45,45,46,47,49,0,0,1,2,2,5,5,7,9,10,11,11,13,13,32,38,39,41,41,42,43,44,45,46,46,0,0,2,2,5,5,9,11,11,23,23,24,24,26,26,33,37,41,43,43,45,46,48,48,49],
[1,2,3,3,4,4,5,6,6,7,7,7,9,12,12,13,15,16,16,16,20,21,22,23,23,24,24,24,25,27,28,30,30,30,30,32,34,35,36,41,41,41,42,43,43,45,45,46,47,49,0,0,1,2,2,5,5,7,9,10,11,11,13,13,14,15,18,19,41,42,43,44,45,46,46,0,0,2,2,5,5,9,11,11,23,23,24,24,26,26,33,37,41,43,43,45,46,48,48,49],
[1,2,3,3,4,4,5,6,6,7,7,7,9,12,12,13,15,16,16,16,20,21,22,23,23,24,24,24,25,27,28,30,30,30,30,32,34,35,36,41,41,41,42,43,43,45,45,46,47,49,0,0,1,2,2,5,5,7,9,10,11,11,13,13,14,15,18,19,23,23,24,44,45,46,46,0,0,2,2,5,5,9,11,11,23,23,24,24,26,26,33,37,41,43,43,45,46,48,48,49],
[1,2,3,3,4,4,5,6,6,7,7,7,9,12,12,13,15,16,16,16,20,21,22,23,23,24,24,24,25,27,28,30,30,30,30,32,34,35,36,41,41,41,42,43,43,45,45,46,47,49,0,0,1,2,2,5,5,7,9,10,11,11,13,13,14,15,18,19,23,23,24,24,26,26,46,0,0,2,2,5,5,9,11,11,23,23,24,24,26,26,33,37,41,43,43,45,46,48,48,49],
[1,2,3,3,4,4,5,6,6,7,7,7,9,12,12,13,15,16,16,16,20,21,22,23,23,24,24,24,25,27,28,30,30,30,30,32,34,35,36,41,41,41,42,43,43,45,45,46,47,49,0,0,1,2,2,5,5,7,9,10,11,11,13,13,14,15,18,19,23,23,24,24,26,26,26,26,28,29,2,5,5,9,11,11,23,23,24,24,26,26,33,37,41,43,43,45,46,48,48,49],
[1,2,3,3,4,4,5,6,6,7,7,7,9,12,12,13,15,16,16,16,20,21,22,23,23,24,24,24,25,27,28,30,30,30,30,32,34,35,36,41,41,41,42,43,43,45,45,46,47,49,0,0,1,2,2,5,5,7,9,10,11,11,13,13,14,15,18,19,23,23,24,24,26,26,26,26,28,29,30,32,33,9,11,11,23,23,24,24,26,26,33,37,41,43,43,45,46,48,48,49],
[1,2,3,3,4,4,5,6,6,7,7,7,9,12,12,13,15,16,16,16,20,21,22,23,23,24,24,24,25,27,28,30,30,30,30,32,34,35,36,41,41,41,42,43,43,45,45,46,47,49,0,0,1,2,2,5,5,7,9,10,11,11,13,13,14,15,18,19,23,23,24,24,26,26,26,26,28,29,30,32,33,37,38,39,23,23,24,24,26,26,33,37,41,43,43,45,46,48,48,49],
[1,2,3,3,4,4,5,6,6,7,7,7,9,12,12,13,15,16,16,16,20,21,22,23,23,24,24,24,25,27,28,30,30,30,30,32,34,35,36,41,41,41,42,43,43,45,45,46,47,49,0,0,1,2,2,5,5,7,9,10,11,11,13,13,14,15,18,19,23,23,24,24,26,26,26,26,28,29,30,32,33,37,38,39,41,41,41,42,26,26,33,37,41,43,43,45,46,48,48,49],
[1,2,3,3,4,4,5,6,6,7,7,7,9,12,12,13,15,16,16,16,20,21,22,23,23,24,24,24,25,27,28,30,30,30,30,32,34,35,36,41,41,41,42,43,43,45,45,46,47,49,0,0,1,2,2,5,5,7,9,10,11,11,13,13,14,15,18,19,23,23,24,24,26,26,26,26,28,29,30,32,33,37,38,39,41,41,41,42,43,43,43,37,41,43,43,45,46,48,48,49],
[1,2,3,3,4,4,5,6,6,7,7,7,9,12,12,13,15,16,16,16,20,21,22,23,23,24,24,24,25,27,28,30,30,30,30,32,34,35,36,41,41,41,42,43,43,45,45,46,47,49,0,0,1,2,2,5,5,7,9,10,11,11,13,13,14,15,18,19,23,23,24,24,26,26,26,26,28,29,30,32,33,37,38,39,41,41,41,42,43,43,43,44,45,45,43,45,46,48,48,49],
[1,2,3,3,4,4,5,6,6,7,7,7,9,12,12,13,15,16,16,16,20,21,22,23,23,24,24,24,25,27,28,30,30,30,30,32,34,35,36,41,41,41,42,43,43,45,45,46,47,49,0,0,1,2,2,5,5,7,9,10,11,11,13,13,14,15,18,19,23,23,24,24,26,26,26,26,28,29,30,32,33,37,38,39,41,41,41,42,43,43,43,44,45,45,46,46,46,48,48,49],
[0,0,1,1,2,2,2,3,3,4,4,5,5,5,6,6,7,7,7,7,9,9,10,11,11,12,12,13,13,13,14,15,15,16,16,16,18,19,20,21,22,23,23,23,23,24,24,24,24,24,25,26,26,26,27,28,30,30,30,30,32,34,35,36,41,41,41,42,43,43,45,45,46,47,49,26,28,29,30,32,33,37,38,39,41,41,41,42,43,43,43,44,45,45,46,46,46,48,48,49],
[0,0,1,1,2,2,2,3,3,4,4,5,5,5,6,6,7,7,7,7,9,9,10,11,11,12,12,13,13,13,14,15,15,16,16,16,18,19,20,21,22,23,23,23,23,24,24,24,24,24,25,26,26,26,27,28,30,30,30,30,32,34,35,36,41,41,41,42,43,43,45,45,46,47,49,26,28,29,30,32,33,37,38,39,41,41,41,42,43,43,43,44,45,45,46,46,46,48,48,49],
[0,0,1,1,2,2,2,3,3,4,4,5,5,5,6,6,7,7,7,7,9,9,10,11,11,12,12,13,13,13,14,15,15,16,16,16,18,19,20,21,22,23,23,23,23,24,24,24,24,24,25,26,26,26,27,28,30,30,30,30,32,34,35,36,41,41,41,42,43,43,45,45,46,47,49,26,28,29,30,32,33,37,38,39,41,41,41,42,43,43,43,44,45,45,46,46,46,48,48,49],
[0,0,1,1,2,2,2,3,3,4,4,5,5,5,6,6,7,7,7,7,9,9,10,11,11,12,12,13,13,13,14,15,15,16,16,16,18,19,20,21,22,23,23,23,23,24,24,24,24,24,25,26,26,26,27,28,30,30,30,30,32,34,35,36,41,41,41,42,43,43,45,45,46,47,49,26,28,29,30,32,33,37,38,39,41,41,41,42,43,43,43,44,45,45,46,46,46,48,48,49],
[0,0,1,1,2,2,2,3,3,4,4,5,5,5,6,6,7,7,7,7,9,9,10,11,11,12,12,13,13,13,14,15,15,16,16,16,18,19,20,21,22,23,23,23,23,24,24,24,24,24,25,26,26,26,27,28,30,30,30,30,32,34,35,36,41,41,41,42,43,43,45,45,46,47,49,26,28,29,30,32,33,37,38,39,41,41,41,42,43,43,43,44,45,45,46,46,46,48,48,49],
[0,0,1,1,2,2,2,3,3,4,4,5,5,5,6,6,7,7,7,7,9,9,10,11,11,12,12,13,13,13,14,15,15,16,16,16,18,19,20,21,22,23,23,23,23,24,24,24,24,24,25,26,26,26,27,28,30,30,30,30,32,34,35,36,41,41,41,42,43,43,45,45,46,47,49,26,28,29,30,32,33,37,38,39,41,41,41,42,43,43,43,44,45,45,46,46,46,48,48,49],
[0,0,1,1,2,2,2,3,3,4,4,5,5,5,6,6,7,7,7,7,9,9,10,11,11,12,12,13,13,13,14,15,15,16,16,16,18,19,20,21,22,23,23,23,23,24,24,24,24,24,25,26,26,26,27,28,30,30,30,30,32,34,35,36,41,41,41,42,43,43,45,45,46,47,49,26,28,29,30,32,33,37,38,39,41,41,41,42,43,43,43,44,45,45,46,46,46,48,48,49],
[0,0,1,1,2,2,2,3,3,4,4,5,5,5,6,6,7,7,7,7,9,9,10,11,11,12,12,13,13,13,14,15,15,16,16,16,18,19,20,21,22,23,23,23,23,24,24,24,24,24,25,26,26,26,27,28,30,30,30,30,32,34,35,36,41,41,41,42,43,43,45,45,46,47,49,26,28,29,30,32,33,37,38,39,41,41,41,42,43,43,43,44,45,45,46,46,46,48,48,49],
[0,0,1,1,2,2,2,3,3,4,4,5,5,5,6,6,7,7,7,7,9,9,10,11,11,12,12,13,13,13,14,15,15,16,16,16,18,19,20,21,22,23,23,23,23,24,24,24,24,24,25,26,26,26,27,28,30,30,30,30,32,34,35,36,41,41,41,42,43,43,45,45,46,47,49,26,28,29,30,32,33,37,38,39,41,41,41,42,43,43,43,44,45,45,46,46,46,48,48,49],
[0,0,1,1,2,2,2,3,3,4,4,5,5,5,6,6,7,7,7,7,9,9,10,11,11,12,12,13,13,13,14,15,15,16,16,16,18,19,20,21,22,23,23,23,23,24,24,24,24,24,25,26,26,26,27,28,30,30,30,30,32,34,35,36,41,41,41,42,43,43,45,45,46,47,49,26,28,29,30,32,33,37,38,39,41,41,41,42,43,43,43,44,45,45,46,46,46,48,48,49],
[0,0,1,1,2,2,2,3,3,4,4,5,5,5,6,6,7,7,7,7,9,9,10,11,11,12,12,13,13,13,14,15,15,16,16,16,18,19,20,21,22,23,23,23,23,24,24,24,24,24,25,26,26,26,27,28,30,30,30,30,32,34,35,36,41,41,41,42,43,43,45,45,46,47,49,26,28,29,30,32,33,37,38,39,41,41,41,42,43,43,43,44,45,45,46,46,46,48,48,49],
[0,0,1,1,2,2,2,3,3,4,4,5,5,5,6,6,7,7,7,7,9,9,10,11,11,12,12,13,13,13,14,15,15,16,16,16,18,19,20,21,22,23,23,23,23,24,24,24,24,24,25,26,26,26,27,28,30,30,30,30,32,34,35,36,41,41,41,42,43,43,45,45,46,47,49,26,28,29,30,32,33,37,38,39,41,41,41,42,43,43,43,44,45,45,46,46,46,48,48,49],
[0,0,1,1,2,2,2,3,3,4,4,5,5,5,6,6,7,7,7,7,9,9,10,11,11,12,12,13,13,13,14,15,15,16,16,16,18,19,20,21,22,23,23,23,23,24,24,24,24,24,25,26,26,26,27,28,30,30,30,30,32,34,35,36,41,41,41,42,43,43,45,45,46,47,49,26,28,29,30,32,33,37,38,39,41,41,41,42,43,43,43,44,45,45,46,46,46,48,48,49],
[0,0,1,1,2,2,2,3,3,4,4,5,5,5,6,6,7,7,7,7,9,9,10,11,11,12,12,13,13,13,14,15,15,16,16,16,18,19,20,21,22,23,23,23,23,24,24,24,24,24,25,26,26,26,27,28,30,30,30,30,32,34,35,36,41,41,41,42,43,43,45,45,46,47,49,26,28,29,30,32,33,37,38,39,41,41,41,42,43,43,43,44,45,45,46,46,46,48,48,49],
[0,0,1,1,2,2,2,3,3,4,4,5,5,5,6,6,7,7,7,7,9,9,10,11,11,12,12,13,13,13,14,15,15,16,16,16,18,19,20,21,22,23,23,23,23,24,24,24,24,24,25,26,26,26,27,28,30,30,30,30,32,34,35,36,41,41,41,42,43,43,45,45,46,47,49,26,28,29,30,32,33,37,38,39,41,41,41,42,43,43,43,44,45,45,46,46,46,48,48,49],
[0,0,1,1,2,2,2,3,3,4,4,5,5,5,6,6,7,7,7,7,9,9,10,11,11,12,12,13,13,13,14,15,15,16,16,16,18,19,20,21,22,23,23,23,23,24,24,24,24,24,25,26,26,26,27,28,30,30,30,30,32,34,35,36,41,41,41,42,43,43,45,45,46,47,49,26,28,29,30,32,33,37,38,39,41,41,41,42,43,43,43,44,45,45,46,46,46,48,48,49],
[0,0,1,1,2,2,2,3,3,4,4,5,5,5,6,6,7,7,7,7,9,9,10,11,11,12,12,13,13,13,14,15,15,16,16,16,18,19,20,21,22,23,23,23,23,24,24,24,24,24,25,26,26,26,27,28,30,30,30,30,32,34,35,36,41,41,41,42,43,43,45,45,46,47,49,26,28,29,30,32,33,37,38,39,41,41,41,42,43,43,43,44,45,45,46,46,46,48,48,49],
[0,0,1,1,2,2,2,3,3,4,4,5,5,5,6,6,7,7,7,7,9,9,10,11,11,12,12,13,13,13,14,15,15,16,16,16,18,19,20,21,22,23,23,23,23,24,24,24,24,24,25,26,26,26,27,28,30,30,30,30,32,34,35,36,41,41,41,42,43,43,45,45,46,47,49,26,28,29,30,32,33,37,38,39,41,41,41,42,43,43,43,44,45,45,46,46,46,48,48,49],
[0,0,1,1,2,2,2,3,3,4,4,5,5,5,6,6,7,7,7,7,9,9,10,11,11,12,12,13,13,13,14,15,15,16,16,16,18,19,20,21,22,23,23,23,23,24,24,24,24,24,25,26,26,26,27,28,30,30,30,30,32,34,35,36,41,41,41,42,43,43,45,45,46,47,49,26,28,29,30,32,33,37,38,39,41,41,41,42,43,43,43,44,45,45,46,46,46,48,48,49],
[0,0,1,1,2,2,2,3,3,4,4,5,5,5,6,6,7,7,7,7,9,9,10,11,11,12,12,13,13,13,14,15,15,16,16,16,18,19,20,21,22,23,23,23,23,24,24,24,24,24,25,26,26,26,27,28,30,30,30,30,32,34,35,36,41,41,41,42,43,43,45,45,46,47,49,26,28,29,30,32,33,37,38,39,41,41,41,42,43,43,43,44,45,45,46,46,46,48,48,49],
[0,0,1,1,2,2,2,3,3,4,4,5,5,5,6,6,7,7,7,7,9,9,10,11,11,12,12,13,13,13,14,15,15,16,16,16,18,19,20,21,22,23,23,23,23,24,24,24,24,24,25,26,26,26,27,28,30,30,30,30,32,34,35,36,41,41,41,42,43,43,45,45,46,47,49,26,28,29,30,32,33,37,38,39,41,41,41,42,43,43,43,44,45,45,46,46,46,48,48,49],
[0,0,1,1,2,2,2,3,3,4,4,5,5,5,6,6,7,7,7,7,9,9,10,11,11,12,12,13,13,13,14,15,15,16,16,16,18,19,20,21,22,23,23,23,23,24,24,24,24,24,25,26,26,26,27,28,30,30,30,30,32,34,35,36,41,41,41,42,43,43,45,45,46,47,49,26,28,29,30,32,33,37,38,39,41,41,41,42,43,43,43,44,45,45,46,46,46,48,48,49],
[0,0,1,1,2,2,2,3,3,4,4,5,5,5,6,6,7,7,7,7,9,9,10,11,11,12,12,13,13,13,14,15,15,16,16,16,18,19,20,21,22,23,23,23,23,24,24,24,24,24,25,26,26,26,27,28,30,30,30,30,32,34,35,36,41,41,41,42,43,43,45,45,46,47,49,26,28,29,30,32,33,37,38,39,41,41,41,42,43,43,43,44,45,45,46,46,46,48,48,49],
[0,0,1,1,2,2,2,3,3,4,4,5,5,5,6,6,7,7,7,7,9,9,10,11,11,12,12,13,13,13,14,15,15,16,16,16,18,19,20,21,22,23,23,23,23,24,24,24,24,24,25,26,26,26,27,28,30,30,30,30,32,34,35,36,41,41,41,42,43,43,45,45,46,47,49,26,28,29,30,32,33,37,38,39,41,41,41,42,43,43,43,44,45,45,46,46,46,48,48,49],
[0,0,1,1,2,2,2,3,3,4,4,5,5,5,6,6,7,7,7,7,9,9,10,11,11,12,12,13,13,13,14,15,15,16,16,16,18,19,20,21,22,23,23,23,23,24,24,24,24,24,25,26,26,26,27,28,30,30,30,30,32,34,35,36,41,41,41,42,43,43,45,45,46,47,49,26,28,29,30,32,33,37,38,39,41,41,41,42,43,43,43,44,45,45,46,46,46,48,48,49],
[0,0,1,1,2,2,2,3,3,4,4,5,5,5,6,6,7,7,7,7,9,9,10,11,11,12,12,13,13,13,14,15,15,16,16,16,18,19,20,21,22,23,23,23,23,24,24,24,24,24,25,26,26,26,27,28,30,30,30,30,32,34,35,36,41,41,41,42,43,43,45,45,46,47,49,26,28,29,30,32,33,37,38,39,41,41,41,42,43,43,43,44,45,45,46,46,46,48,48,49],
[0,0,1,1,2,2,2,3,3,4,4,5,5,5,6,6,7,7,7,7,9,9,10,11,11,12,12,13,13,13,14,15,15,16,16,16,18,19,20,21,22,23,23,23,23,24,24,24,24,24,25,26,26,26,27,28,30,30,30,30,32,34,35,36,41,41,41,42,43,43,45,45,46,47,49,26,28,29,30,32,33,37,38,39,41,41,41,42,43,43,43,44,45,45,46,46,46,48,48,49],
[0,0,1,1,2,2,2,3,3,4,4,5,5,5,6,6,7,7,7,7,9,9,10,11,11,12,12,13,13,13,14,15,15,16,16,16,18,19,20,21,22,23,23,23,23,24,24,24,24,24,25,26,26,26,26,27,28,30,30,30,32,34,35,36,41,41,41,42,43,43,45,45,46,47,49,26,28,29,30,32,33,37,38,39,41,41,41,42,43,43,43,44,45,45,46,46,46,48,48,49],
[0,0,1,1,2,2,2,3,3,4,4,5,5,5,6,6,7,7,7,7,9,9,10,11,11,12,12,13,13,13,14,15,15,16,16,16,18,19,20,21,22,23,23,23,23,24,24,24,24,24,25,26,26,26,26,27,28,28,29,30,32,34,35,36,41,41,41,42,43,43,45,45,46,47,49,26,28,29,30,32,33,37,38,39,41,41,41,42,43,43,43,44,45,45,46,46,46,48,48,49],
[0,0,1,1,2,2,2,3,3,4,4,5,5,5,6,6,7,7,7,7,9,9,10,11,11,12,12,13,13,13,14,15,15,16,16,16,18,19,20,21,22,23,23,23,23,24,24,24,24,24,25,26,26,26,26,27,28,28,29,30,30,30,30,36,41,41,41,42,43,43,45,45,46,47,49,26,28,29,30,32,33,37,38,39,41,41,41,42,43,43,43,44,45,45,46,46,46,48,48,49],
[0,0,1,1,2,2,2,3,3,4,4,5,5,5,6,6,7,7,7,7,9,9,10,11,11,12,12,13,13,13,14,15,15,16,16,16,18,19,20,21,22,23,23,23,23,24,24,24,24,24,25,26,26,26,26,27,28,28,29,30,30,30,30,30,32,32,33,42,43,43,45,45,46,47,49,26,28,29,30,32,33,37,38,39,41,41,41,42,43,43,43,44,45,45,46,46,46,48,48,49],
[0,0,1,1,2,2,2,3,3,4,4,5,5,5,6,6,7,7,7,7,9,9,10,11,11,12,12,13,13,13,14,15,15,16,16,16,18,19,20,21,22,23,23,23,23,24,24,24,24,24,25,26,26,26,26,27,28,28,29,30,30,30,30,30,32,32,33,34,35,36,45,45,46,47,49,26,28,29,30,32,33,37,38,39,41,41,41,42,43,43,43,44,45,45,46,46,46,48,48,49],
[0,0,1,1,2,2,2,3,3,4,4,5,5,5,6,6,7,7,7,7,9,9,10,11,11,12,12,13,13,13,14,15,15,16,16,16,18,19,20,21,22,23,23,23,23,24,24,24,24,24,25,26,26,26,26,27,28,28,29,30,30,30,30,30,32,32,33,34,35,36,37,38,39,47,49,26,28,29,30,32,33,37,38,39,41,41,41,42,43,43,43,44,45,45,46,46,46,48,48,49],
[0,0,1,1,2,2,2,3,3,4,4,5,5,5,6,6,7,7,7,7,9,9,10,11,11,12,12,13,13,13,14,15,15,16,16,16,18,19,20,21,22,23,23,23,23,24,24,24,24,24,25,26,26,26,26,27,28,28,29,30,30,30,30,30,32,32,33,34,35,36,37,38,39,41,41,41,41,29,30,32,33,37,38,39,41,41,41,42,43,43,43,44,45,45,46,46,46,48,48,49],
[0,0,1,1,2,2,2,3,3,4,4,5,5,5,6,6,7,7,7,7,9,9,10,11,11,12,12,13,13,13,14,15,15,16,16,16,18,19,20,21,22,23,23,23,23,24,24,24,24,24,25,26,26,26,26,27,28,28,29,30,30,30,30,30,32,32,33,34,35,36,37,38,39,41,41,41,41,41,41,42,33,37,38,39,41,41,41,42,43,43,43,44,45,45,46,46,46,48,48,49],
[0,0,1,1,2,2,2,3,3,4,4,5,5,5,6,6,7,7,7,7,9,9,10,11,11,12,12,13,13,13,14,15,15,16,16,16,18,19,20,21,22,23,23,23,23,24,24,24,24,24,25,26,26,26,26,27,28,28,29,30,30,30,30,30,32,32,33,34,35,36,37,38,39,41,41,41,41,41,41,42,42,43,43,39,41,41,41,42,43,43,43,44,45,45,46,46,46,48,48,49],
[0,0,1,1,2,2,2,3,3,4,4,5,5,5,6,6,7,7,7,7,9,9,10,11,11,12,12,13,13,13,14,15,15,16,16,16,18,19,20,21,22,23,23,23,23,24,24,24,24,24,25,26,26,26,26,27,28,28,29,30,30,30,30,30,32,32,33,34,35,36,37,38,39,41,41,41,41,41,41,42,42,43,43,43,43,43,44,42,43,43,43,44,45,45,46,46,46,48,48,49],
[0,0,1,1,2,2,2,3,3,4,4,5,5,5,6,6,7,7,7,7,9,9,10,11,11,12,12,13,13,13,14,15,15,16,16,16,18,19,20,21,22,23,23,23,23,24,24,24,24,24,25,26,26,26,26,27,28,28,29,30,30,30,30,30,32,32,33,34,35,36,37,38,39,41,41,41,41,41,41,42,42,43,43,43,43,43,44,45,45,45,43,44,45,45,46,46,46,48,48,49],
[0,0,1,1,2,2,2,3,3,4,4,5,5,5,6,6,7,7,7,7,9,9,10,11,11,12,12,13,13,13,14,15,15,16,16,16,18,19,20,21,22,23,23,23,23,24,24,24,24,24,25,26,26,26,26,27,28,28,29,30,30,30,30,30,32,32,33,34,35,36,37,38,39,41,41,41,41,41,41,42,42,43,43,43,43,43,44,45,45,45,45,46,46,45,46,46,46,48,48,49],
[0,0,1,1,2,2,2,3,3,4,4,5,5,5,6,6,7,7,7,7,9,9,10,11,11,12,12,13,13,13,14,15,15,16,16,16,18,19,20,21,22,23,23,23,23,24,24,24,24,24,25,26,26,26,26,27,28,28,29,30,30,30,30,30,32,32,33,34,35,36,37,38,39,41,41,41,41,41,41,42,42,43,43,43,43,43,44,45,45,45,45,46,46,46,46,47,48,48,48,49],
[0,0,1,1,2,2,2,3,3,4,4,5,5,5,6,6,7,7,7,7,9,9,10,11,11,12,12,13,13,13,14,15,15,16,16,16,18,19,20,21,22,23,23,23,23,24,24,24,24,24,25,26,26,26,26,27,28,28,29,30,30,30,30,30,32,32,33,34,35,36,37,38,39,41,41,41,41,41,41,42,42,43,43,43,43,43,44,45,45,45,45,46,46,46,46,47,48,48,49,49],
[0,0,1,1,2,2,2,3,3,4,4,5,5,5,6,6,7,7,7,7,9,9,10,11,11,12,12,13,13,13,14,15,15,16,16,16,18,19,20,21,22,23,23,23,23,24,24,24,24,24,25,26,26,26,26,27,28,28,29,30,30,30,30,30,32,32,33,34,35,36,37,38,39,41,41,41,41,41,41,42,42,43,43,43,43,43,44,45,45,45,45,46,46,46,46,47,48,48,49,49],
[0,0,1,1,2,2,2,3,3,4,4,5,5,5,6,6,7,7,7,7,9,9,10,11,11,12,12,13,13,13,14,15,15,16,16,16,18,19,20,21,22,23,23,23,23,24,24,24,24,24,25,26,26,26,26,27,28,28,29,30,30,30,30,30,32,32,33,34,35,36,37,38,39,41,41,41,41,41,41,42,42,43,43,43,43,43,44,45,45,45,45,46,46,46,46,47,48,48,49,49],
[0,0,1,1,2,2,2,3,3,4,4,5,5,5,6,6,7,7,7,7,9,9,10,11,11,12,12,13,13,13,14,15,15,16,16,16,18,19,20,21,22,23,23,23,23,24,24,24,24,24,25,26,26,26,26,27,28,28,29,30,30,30,30,30,32,32,33,34,35,36,37,38,39,41,41,41,41,41,41,42,42,43,43,43,43,43,44,45,45,45,45,46,46,46,46,47,48,48,49,49],
[0,0,1,1,2,2,2,3,3,4,4,5,5,5,6,6,7,7,7,7,9,9,10,11,11,12,12,13,13,13,14,15,15,16,16,16,18,19,20,21,22,23,23,23,23,24,24,24,24,24,25,26,26,26,26,27,28,28,29,30,30,30,30,30,32,32,33,34,35,36,37,38,39,41,41,41,41,41,41,42,42,43,43,43,43,43,44,45,45,45,45,46,46,46,46,47,48,48,49,49],
[0,0,1,1,2,2,2,3,3,4,4,5,5,5,6,6,7,7,7,7,9,9,10,11,11,12,12,13,13,13,14,15,15,16,16,16,18,19,20,21,22,23,23,23,23,24,24,24,24,24,25,26,26,26,26,27,28,28,29,30,30,30,30,30,32,32,33,34,35,36,37,38,39,41,41,41,41,41,41,42,42,43,43,43,43,43,44,45,45,45,45,46,46,46,46,47,48,48,49,49],
[0,0,1,1,2,2,2,3,3,4,4,5,5,5,6,6,7,7,7,7,9,9,10,11,11,12,12,13,13,13,14,15,15,16,16,16,18,19,20,21,22,23,23,23,23,24,24,24,24,24,25,26,26,26,26,27,28,28,29,30,30,30,30,30,32,32,33,34,35,36,37,38,39,41,41,41,41,41,41,42,42,43,43,43,43,43,44,45,45,45,45,46,46,46,46,47,48,48,49,49],
[0,0,1,1,2,2,2,3,3,4,4,5,5,5,6,6,7,7,7,7,9,9,10,11,11,12,12,13,13,13,14,15,15,16,16,16,18,19,20,21,22,23,23,23,23,24,24,24,24,24,25,26,26,26,26,27,28,28,29,30,30,30,30,30,32,32,33,34,35,36,37,38,39,41,41,41,41,41,41,42,42,43,43,43,43,43,44,45,45,45,45,46,46,46,46,47,48,48,49,49],
[0,0,1,1,2,2,2,3,3,4,4,5,5,5,6,6,7,7,7,7,9,9,10,11,11,12,12,13,13,13,14,15,15,16,16,16,18,19,20,21,22,23,23,23,23,24,24,24,24,24,25,26,26,26,26,27,28,28,29,30,30,30,30,30,32,32,33,34,35,36,37,38,39,41,41,41,41,41,41,42,42,43,43,43,43,43,44,45,45,45,45,46,46,46,46,47,48,48,49,49],
[0,0,1,1,2,2,2,3,3,4,4,5,5,5,6,6,7,7,7,7,9,9,10,11,11,12,12,13,13,13,14,15,15,16,16,16,18,19,20,21,22,23,23,23,23,24,24,24,24,24,25,26,26,26,26,27,28,28,29,30,30,30,30,30,32,32,33,34,35,36,37,38,39,41,41,41,41,41,41,42,42,43,43,43,43,43,44,45,45,45,45,46,46,46,46,47,48,48,49,49],
[0,0,1,1,2,2,2,3,3,4,4,5,5,5,6,6,7,7,7,7,9,9,10,11,11,12,12,13,13,13,14,15,15,16,16,16,18,19,20,21,22,23,23,23,23,24,24,24,24,24,25,26,26,26,26,27,28,28,29,30,30,30,30,30,32,32,33,34,35,36,37,38,39,41,41,41,41,41,41,42,42,43,43,43,43,43,44,45,45,45,45,46,46,46,46,47,48,48,49,49],
[0,0,1,1,2,2,2,3,3,4,4,5,5,5,6,6,7,7,7,7,9,9,10,11,11,12,12,13,13,13,14,15,15,16,16,16,18,19,20,21,22,23,23,23,23,24,24,24,24,24,25,26,26,26,26,27,28,28,29,30,30,30,30,30,32,32,33,34,35,36,37,38,39,41,41,41,41,41,41,42,42,43,43,43,43,43,44,45,45,45,45,46,46,46,46,47,48,48,49,49],
[0,0,1,1,2,2,2,3,3,4,4,5,5,5,6,6,7,7,7,7,9,9,10,11,11,12,12,13,13,13,14,15,15,16,16,16,18,19,20,21,22,23,23,23,23,24,24,24,24,24,25,26,26,26,26,27,28,28,29,30,30,30,30,30,32,32,33,34,35,36,37,38,39,41,41,41,41,41,41,42,42,43,43,43,43,43,44,45,45,45,45,46,46,46,46,47,48,48,49,49],
[0,0,1,1,2,2,2,3,3,4,4,5,5,5,6,6,7,7,7,7,9,9,10,11,11,12,12,13,13,13,14,15,15,16,16,16,18,19,20,21,22,23,23,23,23,24,24,24,24,24,25,26,26,26,26,27,28,28,29,30,30,30,30,30,32,32,33,34,35,36,37,38,39,41,41,41,41,41,41,42,42,43,43,43,43,43,44,45,45,45,45,46,46,46,46,47,48,48,49,49],
[0,0,1,1,2,2,2,3,3,4,4,5,5,5,6,6,7,7,7,7,9,9,10,11,11,12,12,13,13,13,14,15,15,16,16,16,18,19,20,21,22,23,23,23,23,24,24,24,24,24,25,26,26,26,26,27,28,28,29,30,30,30,30,30,32,32,33,34,35,36,37,38,39,41,41,41,41,41,41,42,42,43,43,43,43,43,44,45,45,45,45,46,46,46,46,47,48,48,49,49],
[0,0,1,1,2,2,2,3,3,4,4,5,5,5,6,6,7,7,7,7,9,9,10,11,11,12,12,13,13,13,14,15,15,16,16,16,18,19,20,21,22,23,23,23,23,24,24,24,24,24,25,26,26,26,26,27,28,28,29,30,30,30,30,30,32,32,33,34,35,36,37,38,39,41,41,41,41,41,41,42,42,43,43,43,43,43,44,45,45,45,45,46,46,46,46,47,48,48,49,49],
[0,0,1,1,2,2,2,3,3,4,4,5,5,5,6,6,7,7,7,7,9,9,10,11,11,12,12,13,13,13,14,15,15,16,16,16,18,19,20,21,22,23,23,23,23,24,24,24,24,24,25,26,26,26,26,27,28,28,29,30,30,30,30,30,32,32,33,34,35,36,37,38,39,41,41,41,41,41,41,42,42,43,43,43,43,43,44,45,45,45,45,46,46,46,46,47,48,48,49,49],
[0,0,1,1,2,2,2,3,3,4,4,5,5,5,6,6,7,7,7,7,9,9,10,11,11,12,12,13,13,13,14,15,15,16,16,16,18,19,20,21,22,23,23,23,23,24,24,24,24,24,25,26,26,26,26,27,28,28,29,30,30,30,30,30,32,32,33,34,35,36,37,38,39,41,41,41,41,41,41,42,42,43,43,43,43,43,44,45,45,45,45,46,46,46,46,47,48,48,49,49],
[0,0,1,1,2,2,2,3,3,4,4,5,5,5,6,6,7,7,7,7,9,9,10,11,11,12,12,13,13,13,14,15,15,16,16,16,18,19,20,21,22,23,23,23,23,24,24,24,24,24,25,26,26,26,26,27,28,28,29,30,30,30,30,30,32,32,33,34,35,36,37,38,39,41,41,41,41,41,41,42,42,43,43,43,43,43,44,45,45,45,45,46,46,46,46,47,48,48,49,49],
[0,0,1,1,2,2,2,3,3,4,4,5,5,5,6,6,7,7,7,7,9,9,10,11,11,12,12,13,13,13,14,15,15,16,16,16,18,19,20,21,22,23,23,23,23,24,24,24,24,24,25,26,26,26,26,27,28,28,29,30,30,30,30,30,32,32,33,34,35,36,37,38,39,41,41,41,41,41,41,42,42,43,43,43,43,43,44,45,45,45,45,46,46,46,46,47,48,48,49,49],
[0,0,1,1,2,2,2,3,3,4,4,5,5,5,6,6,7,7,7,7,9,9,10,11,11,12,12,13,13,13,14,15,15,16,16,16,18,19,20,21,22,23,23,23,23,24,24,24,24,24,25,26,26,26,26,27,28,28,29,30,30,30,30,30,32,32,33,34,35,36,37,38,39,41,41,41,41,41,41,42,42,43,43,43,43,43,44,45,45,45,45,46,46,46,46,47,48,48,49,49],
[0,0,1,1,2,2,2,3,3,4,4,5,5,5,6,6,7,7,7,7,9,9,10,11,11,12,12,13,13,13,14,15,15,16,16,16,18,19,20,21,22,23,23,23,23,24,24,24,24,24,25,26,26,26,26,27,28,28,29,30,30,30,30,30,32,32,33,34,35,36,37,38,39,41,41,41,41,41,41,42,42,43,43,43,43,43,44,45,45,45,45,46,46,46,46,47,48,48,49,49],
[0,0,1,1,2,2,2,3,3,4,4,5,5,5,6,6,7,7,7,7,9,9,10,11,11,12,12,13,13,13,14,15,15,16,16,16,18,19,20,21,22,23,23,23,23,24,24,24,24,24,25,26,26,26,26,27,28,28,29,30,30,30,30,30,32,32,33,34,35,36,37,38,39,41,41,41,41,41,41,42,42,43,43,43,43,43,44,45,45,45,45,46,46,46,46,47,48,48,49,49],
[0,0,1,1,2,2,2,3,3,4,4,5,5,5,6,6,7,7,7,7,9,9,10,11,11,12,12,13,13,13,14,15,15,16,16,16,18,19,20,21,22,23,23,23,23,24,24,24,24,24,25,26,26,26,26,27,28,28,29,30,30,30,30,30,32,32,33,34,35,36,37,38,39,41,41,41,41,41,41,42,42,43,43,43,43,43,44,45,45,45,45,46,46,46,46,47,48,48,49,49],
[0,0,1,1,2,2,2,3,3,4,4,5,5,5,6,6,7,7,7,7,9,9,10,11,11,12,12,13,13,13,14,15,15,16,16,16,18,19,20,21,22,23,23,23,23,24,24,24,24,24,25,26,26,26,26,27,28,28,29,30,30,30,30,30,32,32,33,34,35,36,37,38,39,41,41,41,41,41,41,42,42,43,43,43,43,43,44,45,45,45,45,46,46,46,46,47,48,48,49,49],
[0,0,1,1,2,2,2,3,3,4,4,5,5,5,6,6,7,7,7,7,9,9,10,11,11,12,12,13,13,13,14,15,15,16,16,16,18,19,20,21,22,23,23,23,23,24,24,24,24,24,25,26,26,26,26,27,28,28,29,30,30,30,30,30,32,32,33,34,35,36,37,38,39,41,41,41,41,41,41,42,42,43,43,43,43,43,44,45,45,45,45,46,46,46,46,47,48,48,49,49],
[0,0,1,1,2,2,2,3,3,4,4,5,5,5,6,6,7,7,7,7,9,9,10,11,11,12,12,13,13,13,14,15,15,16,16,16,18,19,20,21,22,23,23,23,23,24,24,24,24,24,25,26,26,26,26,27,28,28,29,30,30,30,30,30,32,32,33,34,35,36,37,38,39,41,41,41,41,41,41,42,42,43,43,43,43,43,44,45,45,45,45,46,46,46,46,47,48,48,49,49],
[0,0,1,1,2,2,2,3,3,4,4,5,5,5,6,6,7,7,7,7,9,9,10,11,11,12,12,13,13,13,14,15,15,16,16,16,18,19,20,21,22,23,23,23,23,24,24,24,24,24,25,26,26,26,26,27,28,28,29,30,30,30,30,30,32,32,33,34,35,36,37,38,39,41,41,41,41,41,41,42,42,43,43,43,43,43,44,45,45,45,45,46,46,46,46,47,48,48,49,49],
[0,0,1,1,2,2,2,3,3,4,4,5,5,5,6,6,7,7,7,7,9,9,10,11,11,12,12,13,13,13,14,15,15,16,16,16,18,19,20,21,22,23,23,23,23,24,24,24,24,24,25,26,26,26,26,27,28,28,29,30,30,30,30,30,32,32,33,34,35,36,37,38,39,41,41,41,41,41,41,42,42,43,43,43,43,43,44,45,45,45,45,46,46,46,46,47,48,48,49,49],
[0,0,1,1,2,2,2,3,3,4,4,5,5,5,6,6,7,7,7,7,9,9,10,11,11,12,12,13,13,13,14,15,15,16,16,16,18,19,20,21,22,23,23,23,23,24,24,24,24,24,25,26,26,26,26,27,28,28,29,30,30,30,30,30,32,32,33,34,35,36,37,38,39,41,41,41,41,41,41,42,42,43,43,43,43,43,44,45,45,45,45,46,46,46,46,47,48,48,49,49],
[0,0,1,1,2,2,2,3,3,4,4,5,5,5,6,6,7,7,7,7,9,9,10,11,11,12,12,13,13,13,14,15,15,16,16,16,18,19,20,21,22,23,23,23,23,24,24,24,24,24,25,26,26,26,26,27,28,28,29,30,30,30,30,30,32,32,33,34,35,36,37,38,39,41,41,41,41,41,41,42,42,43,43,43,43,43,44,45,45,45,45,46,46,46,46,47,48,48,49,49],
[0,0,1,1,2,2,2,3,3,4,4,5,5,5,6,6,7,7,7,7,9,9,10,11,11,12,12,13,13,13,14,15,15,16,16,16,18,19,20,21,22,23,23,23,23,24,24,24,24,24,25,26,26,26,26,27,28,28,29,30,30,30,30,30,32,32,33,34,35,36,37,38,39,41,41,41,41,41,41,42,42,43,43,43,43,43,44,45,45,45,45,46,46,46,46,47,48,48,49,49],
[0,0,1,1,2,2,2,3,3,4,4,5,5,5,6,6,7,7,7,7,9,9,10,11,11,12,12,13,13,13,14,15,15,16,16,16,18,19,20,21,22,23,23,23,23,24,24,24,24,24,25,26,26,26,26,27,28,28,29,30,30,30,30,30,32,32,33,34,35,36,37,38,39,41,41,41,41,41,41,42,42,43,43,43,43,43,44,45,45,45,45,46,46,46,46,47,48,48,49,49],
[0,0,1,1,2,2,2,3,3,4,4,5,5,5,6,6,7,7,7,7,9,9,10,11,11,12,12,13,13,13,14,15,15,16,16,16,18,19,20,21,22,23,23,23,23,24,24,24,24,24,25,26,26,26,26,27,28,28,29,30,30,30,30,30,32,32,33,34,35,36,37,38,39,41,41,41,41,41,41,42,42,43,43,43,43,43,44,45,45,45,45,46,46,46,46,47,48,48,49,49],
[0,0,1,1,2,2,2,3,3,4,4,5,5,5,6,6,7,7,7,7,9,9,10,11,11,12,12,13,13,13,14,15,15,16,16,16,18,19,20,21,22,23,23,23,23,24,24,24,24,24,25,26,26,26,26,27,28,28,29,30,30,30,30,30,32,32,33,34,35,36,37,38,39,41,41,41,41,41,41,42,42,43,43,43,43,43,44,45,45,45,45,46,46,46,46,47,48,48,49,49],
[0,0,1,1,2,2,2,3,3,4,4,5,5,5,6,6,7,7,7,7,9,9,10,11,11,12,12,13,13,13,14,15,15,16,16,16,18,19,20,21,22,23,23,23,23,24,24,24,24,24,25,26,26,26,26,27,28,28,29,30,30,30,30,30,32,32,33,34,35,36,37,38,39,41,41,41,41,41,41,42,42,43,43,43,43,43,44,45,45,45,45,46,46,46,46,47,48,48,49,49],
[0,0,1,1,2,2,2,3,3,4,4,5,5,5,6,6,7,7,7,7,9,9,10,11,11,12,12,13,13,13,14,15,15,16,16,16,18,19,20,21,22,23,23,23,23,24,24,24,24,24,25,26,26,26,26,27,28,28,29,30,30,30,30,30,32,32,33,34,35,36,37,38,39,41,41,41,41,41,41,42,42,43,43,43,43,43,44,45,45,45,45,46,46,46,46,47,48,48,49,49],
[0,0,1,1,2,2,2,3,3,4,4,5,5,5,6,6,7,7,7,7,9,9,10,11,11,12,12,13,13,13,14,15,15,16,16,16,18,19,20,21,22,23,23,23,23,24,24,24,24,24,25,26,26,26,26,27,28,28,29,30,30,30,30,30,32,32,33,34,35,36,37,38,39,41,41,41,41,41,41,42,42,43,43,43,43,43,44,45,45,45,45,46,46,46,46,47,48,48,49,49],
[0,0,1,1,2,2,2,3,3,4,4,5,5,5,6,6,7,7,7,7,9,9,10,11,11,12,12,13,13,13,14,15,15,16,16,16,18,19,20,21,22,23,23,23,23,24,24,24,24,24,25,26,26,26,26,27,28,28,29,30,30,30,30,30,32,32,33,34,35,36,37,38,39,41,41,41,41,41,41,42,42,43,43,43,43,43,44,45,45,45,45,46,46,46,46,47,48,48,49,49],
[0,0,1,1,2,2,2,3,3,4,4,5,5,5,6,6,7,7,7,7,9,9,10,11,11,12,12,13,13,13,14,15,15,16,16,16,18,19,20,21,22,23,23,23,23,24,24,24,24,24,25,26,26,26,26,27,28,28,29,30,30,30,30,30,32,32,33,34,35,36,37,38,39,41,41,41,41,41,41,42,42,43,43,43,43,43,44,45,45,45,45,46,46,46,46,47,48,48,49,49],
[0,0,1,1,2,2,2,3,3,4,4,5,5,5,6,6,7,7,7,7,9,9,10,11,11,12,12,13,13,13,14,15,15,16,16,16,18,19,20,21,22,23,23,23,23,24,24,24,24,24,25,26,26,26,26,27,28,28,29,30,30,30,30,30,32,32,33,34,35,36,37,38,39,41,41,41,41,41,41,42,42,43,43,43,43,43,44,45,45,45,45,46,46,46,46,47,48,48,49,49],
[0,0,1,1,2,2,2,3,3,4,4,5,5,5,6,6,7,7,7,7,9,9,10,11,11,12,12,13,13,13,14,15,15,16,16,16,18,19,20,21,22,23,23,23,23,24,24,24,24,24,25,26,26,26,26,27,28,28,29,30,30,30,30,30,32,32,33,34,35,36,37,38,39,41,41,41,41,41,41,42,42,43,43,43,43,43,44,45,45,45,45,46,46,46,46,47,48,48,49,49],
[0,0,1,1,2,2,2,3,3,4,4,5,5,5,6,6,7,7,7,7,9,9,10,11,11,12,12,13,13,13,14,15,15,16,16,16,18,19,20,21,22,23,23,23,23,24,24,24,24,24,25,26,26,26,26,27,28,28,29,30,30,30,30,30,32,32,33,34,35,36,37,38,39,41,41,41,41,41,41,42,42,43,43,43,43,43,44,45,45,45,45,46,46,46,46,47,48,48,49,49],
[0,0,1,1,2,2,2,3,3,4,4,5,5,5,6,6,7,7,7,7,9,9,10,11,11,12,12,13,13,13,14,15,15,16,16,16,18,19,20,21,22,23,23,23,23,24,24,24,24,24,25,26,26,26,26,27,28,28,29,30,30,30,30,30,32,32,33,34,35,36,37,38,39,41,41,41,41,41,41,42,42,43,43,43,43,43,44,45,45,45,45,46,46,46,46,47,48,48,49,49],
[0,0,1,1,2,2,2,3,3,4,4,5,5,5,6,6,7,7,7,7,9,9,10,11,11,12,12,13,13,13,14,15,15,16,16,16,18,19,20,21,22,23,23,23,23,24,24,24,24,24,25,26,26,26,26,27,28,28,29,30,30,30,30,30,32,32,33,34,35,36,37,38,39,41,41,41,41,41,41,42,42,43,43,43,43,43,44,45,45,45,45,46,46,46,46,47,48,48,49,49],
[0,0,1,1,2,2,2,3,3,4,4,5,5,5,6,6,7,7,7,7,9,9,10,11,11,12,12,13,13,13,14,15,15,16,16,16,18,19,20,21,22,23,23,23,23,24,24,24,24,24,25,26,26,26,26,27,28,28,29,30,30,30,30,30,32,32,33,34,35,36,37,38,39,41,41,41,41,41,41,42,42,43,43,43,43,43,44,45,45,45,45,46,46,46,46,47,48,48,49,49],
[0,0,1,1,2,2,2,3,3,4,4,5,5,5,6,6,7,7,7,7,9,9,10,11,11,12,12,13,13,13,14,15,15,16,16,16,18,19,20,21,22,23,23,23,23,24,24,24,24,24,25,26,26,26,26,27,28,28,29,30,30,30,30,30,32,32,33,34,35,36,37,38,39,41,41,41,41,41,41,42,42,43,43,43,43,43,44,45,45,45,45,46,46,46,46,47,48,48,49,49],
[0,0,1,1,2,2,2,3,3,4,4,5,5,5,6,6,7,7,7,7,9,9,10,11,11,12,12,13,13,13,14,15,15,16,16,16,18,19,20,21,22,23,23,23,23,24,24,24,24,24,25,26,26,26,26,27,28,28,29,30,30,30,30,30,32,32,33,34,35,36,37,38,39,41,41,41,41,41,41,42,42,43,43,43,43,43,44,45,45,45,45,46,46,46,46,47,48,48,49,49],
[0,0,1,1,2,2,2,3,3,4,4,5,5,5,6,6,7,7,7,7,9,9,10,11,11,12,12,13,13,13,14,15,15,16,16,16,18,19,20,21,22,23,23,23,23,24,24,24,24,24,25,26,26,26,26,27,28,28,29,30,30,30,30,30,32,32,33,34,35,36,37,38,39,41,41,41,41,41,41,42,42,43,43,43,43,43,44,45,45,45,45,46,46,46,46,47,48,48,49,49],
[0,0,1,1,2,2,2,3,3,4,4,5,5,5,6,6,7,7,7,7,9,9,10,11,11,12,12,13,13,13,14,15,15,16,16,16,18,19,20,21,22,23,23,23,23,24,24,24,24,24,25,26,26,26,26,27,28,28,29,30,30,30,30,30,32,32,33,34,35,36,37,38,39,41,41,41,41,41,41,42,42,43,43,43,43,43,44,45,45,45,45,46,46,46,46,47,48,48,49,49],
[0,0,1,1,2,2,2,3,3,4,4,5,5,5,6,6,7,7,7,7,9,9,10,11,11,12,12,13,13,13,14,15,15,16,16,16,18,19,20,21,22,23,23,23,23,24,24,24,24,24,25,26,26,26,26,27,28,28,29,30,30,30,30,30,32,32,33,34,35,36,37,38,39,41,41,41,41,41,41,42,42,43,43,43,43,43,44,45,45,45,45,46,46,46,46,47,48,48,49,49],
[0,0,1,1,2,2,2,3,3,4,4,5,5,5,6,6,7,7,7,7,9,9,10,11,11,12,12,13,13,13,14,15,15,16,16,16,18,19,20,21,22,23,23,23,23,24,24,24,24,24,25,26,26,26,26,27,28,28,29,30,30,30,30,30,32,32,33,34,35,36,37,38,39,41,41,41,41,41,41,42,42,43,43,43,43,43,44,45,45,45,45,46,46,46,46,47,48,48,49,49],
[0,0,1,1,2,2,2,3,3,4,4,5,5,5,6,6,7,7,7,7,9,9,10,11,11,12,12,13,13,13,14,15,15,16,16,16,18,19,20,21,22,23,23,23,23,24,24,24,24,24,25,26,26,26,26,27,28,28,29,30,30,30,30,30,32,32,33,34,35,36,37,38,39,41,41,41,41,41,41,42,42,43,43,43,43,43,44,45,45,45,45,46,46,46,46,47,48,48,49,49],
[0,0,1,1,2,2,2,3,3,4,4,5,5,5,6,6,7,7,7,7,9,9,10,11,11,12,12,13,13,13,14,15,15,16,16,16,18,19,20,21,22,23,23,23,23,24,24,24,24,24,25,26,26,26,26,27,28,28,29,30,30,30,30,30,32,32,33,34,35,36,37,38,39,41,41,41,41,41,41,42,42,43,43,43,43,43,44,45,45,45,45,46,46,46,46,47,48,48,49,49],
[0,0,1,1,2,2,2,3,3,4,4,5,5,5,6,6,7,7,7,7,9,9,10,11,11,12,12,13,13,13,14,15,15,16,16,16,18,19,20,21,22,23,23,23,23,24,24,24,24,24,25,26,26,26,26,27,28,28,29,30,30,30,30,30,32,32,33,34,35,36,37,38,39,41,41,41,41,41,41,42,42,43,43,43,43,43,44,45,45,45,45,46,46,46,46,47,48,48,49,49],
[0,0,1,1,2,2,2,3,3,4,4,5,5,5,6,6,7,7,7,7,9,9,10,11,11,12,12,13,13,13,14,15,15,16,16,16,18,19,20,21,22,23,23,23,23,24,24,24,24,24,25,26,26,26,26,27,28,28,29,30,30,30,30,30,32,32,33,34,35,36,37,38,39,41,41,41,41,41,41,42,42,43,43,43,43,43,44,45,45,45,45,46,46,46,46,47,48,48,49,49],
[0,0,1,1,2,2,2,3,3,4,4,5,5,5,6,6,7,7,7,7,9,9,10,11,11,12,12,13,13,13,14,15,15,16,16,16,18,19,20,21,22,23,23,23,23,24,24,24,24,24,25,26,26,26,26,27,28,28,29,30,30,30,30,30,32,32,33,34,35,36,37,38,39,41,41,41,41,41,41,42,42,43,43,43,43,43,44,45,45,45,45,46,46,46,46,47,48,48,49,49],
[0,0,1,1,2,2,2,3,3,4,4,5,5,5,6,6,7,7,7,7,9,9,10,11,11,12,12,13,13,13,14,15,15,16,16,16,18,19,20,21,22,23,23,23,23,24,24,24,24,24,25,26,26,26,26,27,28,28,29,30,30,30,30,30,32,32,33,34,35,36,37,38,39,41,41,41,41,41,41,42,42,43,43,43,43,43,44,45,45,45,45,46,46,46,46,47,48,48,49,49],
[0,0,1,1,2,2,2,3,3,4,4,5,5,5,6,6,7,7,7,7,9,9,10,11,11,12,12,13,13,13,14,15,15,16,16,16,18,19,20,21,22,23,23,23,23,24,24,24,24,24,25,26,26,26,26,27,28,28,29,30,30,30,30,30,32,32,33,34,35,36,37,38,39,41,41,41,41,41,41,42,42,43,43,43,43,43,44,45,45,45,45,46,46,46,46,47,48,48,49,49],
[0,0,1,1,2,2,2,3,3,4,4,5,5,5,6,6,7,7,7,7,9,9,10,11,11,12,12,13,13,13,14,15,15,16,16,16,18,19,20,21,22,23,23,23,23,24,24,24,24,24,25,26,26,26,26,27,28,28,29,30,30,30,30,30,32,32,33,34,35,36,37,38,39,41,41,41,41,41,41,42,42,43,43,43,43,43,44,45,45,45,45,46,46,46,46,47,48,48,49,49],
[0,0,1,1,2,2,2,3,3,4,4,5,5,5,6,6,7,7,7,7,9,9,10,11,11,12,12,13,13,13,14,15,15,16,16,16,18,19,20,21,22,23,23,23,23,24,24,24,24,24,25,26,26,26,26,27,28,28,29,30,30,30,30,30,32,32,33,34,35,36,37,38,39,41,41,41,41,41,41,42,42,43,43,43,43,43,44,45,45,45,45,46,46,46,46,47,48,48,49,49],
[0,0,1,1,2,2,2,3,3,4,4,5,5,5,6,6,7,7,7,7,9,9,10,11,11,12,12,13,13,13,14,15,15,16,16,16,18,19,20,21,22,23,23,23,23,24,24,24,24,24,25,26,26,26,26,27,28,28,29,30,30,30,30,30,32,32,33,34,35,36,37,38,39,41,41,41,41,41,41,42,42,43,43,43,43,43,44,45,45,45,45,46,46,46,46,47,48,48,49,49],
[0,0,1,1,2,2,2,3,3,4,4,5,5,5,6,6,7,7,7,7,9,9,10,11,11,12,12,13,13,13,14,15,15,16,16,16,18,19,20,21,22,23,23,23,23,24,24,24,24,24,25,26,26,26,26,27,28,28,29,30,30,30,30,30,32,32,33,34,35,36,37,38,39,41,41,41,41,41,41,42,42,43,43,43,43,43,44,45,45,45,45,46,46,46,46,47,48,48,49,49],
[0,0,1,1,2,2,2,3,3,4,4,5,5,5,6,6,7,7,7,7,9,9,10,11,11,12,12,13,13,13,14,15,15,16,16,16,18,19,20,21,22,23,23,23,23,24,24,24,24,24,25,26,26,26,26,27,28,28,29,30,30,30,30,30,32,32,33,34,35,36,37,38,39,41,41,41,41,41,41,42,42,43,43,43,43,43,44,45,45,45,45,46,46,46,46,47,48,48,49,49],
[0,0,1,1,2,2,2,3,3,4,4,5,5,5,6,6,7,7,7,7,9,9,10,11,11,12,12,13,13,13,14,15,15,16,16,16,18,19,20,21,22,23,23,23,23,24,24,24,24,24,25,26,26,26,26,27,28,28,29,30,30,30,30,30,32,32,33,34,35,36,37,38,39,41,41,41,41,41,41,42,42,43,43,43,43,43,44,45,45,45,45,46,46,46,46,47,48,48,49,49],
[0,0,1,1,2,2,2,3,3,4,4,5,5,5,6,6,7,7,7,7,9,9,10,11,11,12,12,13,13,13,14,15,15,16,16,16,18,19,20,21,22,23,23,23,23,24,24,24,24,24,25,26,26,26,26,27,28,28,29,30,30,30,30,30,32,32,33,34,35,36,37,38,39,41,41,41,41,41,41,42,42,43,43,43,43,43,44,45,45,45,45,46,46,46,46,47,48,48,49,49],
[0,0,1,1,2,2,2,3,3,4,4,5,5,5,6,6,7,7,7,7,9,9,10,11,11,12,12,13,13,13,14,15,15,16,16,16,18,19,20,21,22,23,23,23,23,24,24,24,24,24,25,26,26,26,26,27,28,28,29,30,30,30,30,30,32,32,33,34,35,36,37,38,39,41,41,41,41,41,41,42,42,43,43,43,43,43,44,45,45,45,45,46,46,46,46,47,48,48,49,49],
[0,0,1,1,2,2,2,3,3,4,4,5,5,5,6,6,7,7,7,7,9,9,10,11,11,12,12,13,13,13,14,15,15,16,16,16,18,19,20,21,22,23,23,23,23,24,24,24,24,24,25,26,26,26,26,27,28,28,29,30,30,30,30,30,32,32,33,34,35,36,37,38,39,41,41,41,41,41,41,42,42,43,43,43,43,43,44,45,45,45,45,46,46,46,46,47,48,48,49,49],
[0,0,1,1,2,2,2,3,3,4,4,5,5,5,6,6,7,7,7,7,9,9,10,11,11,12,12,13,13,13,14,15,15,16,16,16,18,19,20,21,22,23,23,23,23,24,24,24,24,24,25,26,26,26,26,27,28,28,29,30,30,30,30,30,32,32,33,34,35,36,37,38,39,41,41,41,41,41,41,42,42,43,43,43,43,43,44,45,45,45,45,46,46,46,46,47,48,48,49,49],
[0,0,1,1,2,2,2,3,3,4,4,5,5,5,6,6,7,7,7,7,9,9,10,11,11,12,12,13,13,13,14,15,15,16,16,16,18,19,20,21,22,23,23,23,23,24,24,24,24,24,25,26,26,26,26,27,28,28,29,30,30,30,30,30,32,32,33,34,35,36,37,38,39,41,41,41,41,41,41,42,42,43,43,43,43,43,44,45,45,45,45,46,46,46,46,47,48,48,49,49],
[0,0,1,1,2,2,2,3,3,4,4,5,5,5,6,6,7,7,7,7,9,9,10,11,11,12,12,13,13,13,14,15,15,16,16,16,18,19,20,21,22,23,23,23,23,24,24,24,24,24,25,26,26,26,26,27,28,28,29,30,30,30,30,30,32,32,33,34,35,36,37,38,39,41,41,41,41,41,41,42,42,43,43,43,43,43,44,45,45,45,45,46,46,46,46,47,48,48,49,49],
[0,0,1,1,2,2,2,3,3,4,4,5,5,5,6,6,7,7,7,7,9,9,10,11,11,12,12,13,13,13,14,15,15,16,16,16,18,19,20,21,22,23,23,23,23,24,24,24,24,24,25,26,26,26,26,27,28,28,29,30,30,30,30,30,32,32,33,34,35,36,37,38,39,41,41,41,41,41,41,42,42,43,43,43,43,43,44,45,45,45,45,46,46,46,46,47,48,48,49,49],
[0,0,1,1,2,2,2,3,3,4,4,5,5,5,6,6,7,7,7,7,9,9,10,11,11,12,12,13,13,13,14,15,15,16,16,16,18,19,20,21,22,23,23,23,23,24,24,24,24,24,25,26,26,26,26,27,28,28,29,30,30,30,30,30,32,32,33,34,35,36,37,38,39,41,41,41,41,41,41,42,42,43,43,43,43,43,44,45,45,45,45,46,46,46,46,47,48,48,49,49],
[0,0,1,1,2,2,2,3,3,4,4,5,5,5,6,6,7,7,7,7,9,9,10,11,11,12,12,13,13,13,14,15,15,16,16,16,18,19,20,21,22,23,23,23,23,24,24,24,24,24,25,26,26,26,26,27,28,28,29,30,30,30,30,30,32,32,33,34,35,36,37,38,39,41,41,41,41,41,41,42,42,43,43,43,43,43,44,45,45,45,45,46,46,46,46,47,48,48,49,49],
[0,0,1,1,2,2,2,3,3,4,4,5,5,5,6,6,7,7,7,7,9,9,10,11,11,12,12,13,13,13,14,15,15,16,16,16,18,19,20,21,22,23,23,23,23,24,24,24,24,24,25,26,26,26,26,27,28,28,29,30,30,30,30,30,32,32,33,34,35,36,37,38,39,41,41,41,41,41,41,42,42,43,43,43,43,43,44,45,45,45,45,46,46,46,46,47,48,48,49,49],
[0,0,1,1,2,2,2,3,3,4,4,5,5,5,6,6,7,7,7,7,9,9,10,11,11,12,12,13,13,13,14,15,15,16,16,16,18,19,20,21,22,23,23,23,23,24,24,24,24,24,25,26,26,26,26,27,28,28,29,30,30,30,30,30,32,32,33,34,35,36,37,38,39,41,41,41,41,41,41,42,42,43,43,43,43,43,44,45,45,45,45,46,46,46,46,47,48,48,49,49]]
